In two city case, where
cities = [[0, 0], [0, 1]]

The following will be a comparison of the cost Hamiltonian, to check whether the cost is being represented in the same
way each case. Note that there are also differences in the way that each of these run. For example, the Forest algorithm
is using the built-in qaoa package. To find the optimal beta gamma angles, it uses automated VQE, for example.

#####
#Bilocation cost penalty only (no weight penalty)
#####

Forest results
# Good enough results
betas:  [1.79016828 0.5417717 ]
gammas:  [4.60501994 5.98231437]
Counter({
(1, 0, 1, 0): 2378,
(1, 0, 0, 1): 2373,
(0, 1, 0, 1): 2284,
(0, 1, 1, 0): 2156,
(0, 0, 1, 0): 199,
(0, 0, 0, 1): 177,
(0, 1, 0, 0): 173,
(1, 0, 0, 0): 173,
(1, 0, 1, 1): 20,
(0, 0, 0, 0): 18,
(1, 1, 0, 1): 18,
(1, 1, 1, 0): 15,
(0, 1, 1, 1): 14,
(1, 1, 1, 1): 1,
(1, 1, 0, 0): 1})

Qiskit Results
# These are not looking too hot. Not doing pure bilocation penalty at all
beta_ & gamma = array([4.06 , 3.311, 5.375, 2.428])
{'0000': 0.02136631628580173,
'0001': 0.04050351526392975,
'0010': 0.137159551595274,
'0011': 0.021366316285801212,
'0100': 0.04050351526392941,
'0101': 0.07678135654228539,  # valid, weirdly low
'0110': 0.26000944277533533,  # valid
'0111': 0.040503515263928966,
'1000': 0.137159551595273,
'1001': 0.2600094427753364,   # valid
'1010': 0.8804860108861046,   # valid, weirdly high
'1011': 0.13715955159527074,
'1100': 0.02136631628580145,
'1101': 0.04050351526392895,
'1110': 0.13715955159527154,
'1111': 0.02136631628580088}

#####
#Repetition cost penalty only (no weight penalty)
#####

Forest Results
# Good results for 2 cities
betas:  [0.96733424 1.31878611]
gammas:  [4.20316729 4.97603859]
Counter({
(1, 0, 0, 1): 2517,
(0, 1, 1, 0): 2506,
(1, 1, 0, 0): 2454,
(0, 0, 1, 1): 2436,
(0, 0, 0, 1): 16,
(1, 1, 0, 1): 13,
(1, 0, 0, 0): 12,
(1, 0, 1, 1): 12,
(0, 1, 0, 0): 10,
(1, 1, 1, 0): 10,
(0, 0, 1, 0): 8,
(0, 1, 1, 1): 6})

Qiskit Results
betas and gammas = array([4.674, 3.078, 2.225, 3.855])
{'0000': 0.02136640776590446,
'0001': 0.040503505456890236,
'0010': 0.04050350545689048,
'0011': 0.07678099062183891,  # valid, weirdly low
'0100': 0.13715985947051207,
'0101': 0.021366407765905544,
'0110': 0.26000885021932485,  # valid
'0111': 0.04050350545689219,
'1000': 0.1371598594705127,
'1001': 0.26000885021932335,  # valid
'1010': 0.02136640776590568,
'1011': 0.04050350545689212,
'1100': 0.8804861938463432,   # valid, weirdly high
'1101': 0.13715985947051798,
'1110': 0.13715985947051815,
'1111': 0.02136640776590673}


#####
#Repetition and Bilocation combined cost penalty only (no weight penalty)
#####

Forest Results
betas:  [1.38476916 1.25484975]
gammas:  [0.94056154 2.29206896]
Counter({
(0, 1, 1, 0): 3247,
(1, 0, 0, 1): 3223,
(0, 1, 0, 1): 602,
(0, 0, 1, 1): 589,
(1, 0, 1, 0): 575,
(1, 1, 0, 0): 548,
(1, 1, 0, 1): 196,
(0, 1, 1, 1): 187,
(1, 0, 1, 1): 173,
(1, 1, 1, 0): 164,
(0, 0, 0, 0): 133,
(1, 1, 1, 1): 101,
(0, 0, 0, 1): 72,
(0, 1, 0, 0): 66,
(0, 0, 1, 0): 66,
(1, 0, 0, 0): 58})

#####
#Forest results for [[0, 0], [0, 1], [1, 2]]
#####
betas:  [1.73631956 0.08030634]
gammas:  [0.91130602 2.99258882]
Counter({
(0, 0, 1, 1, 0, 0, 0, 1, 0): 234,
(0, 0, 1, 0, 1, 0, 1, 0, 0): 225,
(1, 1, 1, 1, 1, 1, 1, 1, 1): 225, # whoa there
(0, 1, 0, 0, 0, 1, 1, 0, 0): 224,
(1, 0, 0, 0, 0, 1, 0, 1, 0): 207,
(0, 1, 0, 1, 0, 0, 0, 0, 1): 204,
(1, 0, 0, 0, 1, 0, 0, 0, 1): 189,
(1, 1, 1, 0, 0, 1, 0, 0, 1): 78, # kinda small drop from the valid answers to the non-valid
(1, 1, 0, 0, 0, 1, 0, 0, 1): 77,
(1, 0, 0, 0, 1, 1, 1, 0, 0): 70,
(0, 1, 0, 0, 1, 0, 1, 0, 1): 70,
(1, 0, 1, 0, 1, 0, 0, 1, 0): 65,
(0, 1, 0, 0, 1, 0, 1, 1, 1): 64,
(1, 0, 0, 1, 1, 1, 1, 0, 0): 63,
(0, 0, 1, 1, 1, 0, 0, 0, 1): 61,
(0, 0, 1, 0, 0, 1, 1, 1, 1): 60,
(0, 1, 0, 1, 0, 1, 0, 1, 0): 60,
(0, 0, 0, 1, 0, 0, 0, 1, 1): 58,
(0, 1, 0, 1, 1, 1, 0, 1, 0): 58,
(0, 0, 1, 1, 0, 0, 1, 0, 0): 58,
(0, 0, 1, 0, 0, 1, 1, 1, 0): 56,
(1, 0, 0, 1, 0, 0, 0, 1, 1): 56,
(1, 1, 1, 0, 1, 0, 0, 1, 0): 55,
(1, 0, 0, 0, 1, 0, 1, 0, 0): 54,
(1, 1, 1, 0, 0, 0, 1, 1, 1): 53,
(0, 1, 0, 0, 0, 1, 0, 0, 1): 53,
(0, 1, 0, 0, 1, 0, 1, 0, 0): 53,
(0, 0, 1, 1, 1, 1, 0, 0, 1): 52,
(1, 0, 0, 1, 0, 0, 1, 1, 1): 51,
(1, 0, 0, 1, 0, 0, 0, 0, 1): 51,
(0, 1, 1, 1, 0, 0, 1, 0, 0): 51,
(1, 1, 1, 1, 0, 0, 1, 0, 0): 50,
(0, 0, 1, 0, 1, 0, 0, 1, 0): 50,
(0, 1, 0, 0, 1, 0, 0, 0, 1): 49,
(0, 1, 0, 0, 0, 0, 1, 0, 1): 49,
(1, 1, 0, 0, 0, 1, 0, 0, 0): 49,
(0, 1, 1, 0, 0, 0, 1, 0, 0): 49,
(1, 0, 0, 0, 0, 1, 1, 0, 0): 48,
(0, 1, 0, 1, 0, 1, 0, 0, 0): 48, (0, 0, 1, 1, 1, 0, 0, 0, 0): 47, (0, 1, 0, 1, 0, 0, 0, 1, 0): 47, (0, 0, 0, 0, 1, 0, 1, 0, 1): 47, (1, 1, 0, 0, 0, 0, 0, 0, 1): 47, (1, 0, 0, 0, 1, 1, 0, 0, 0): 47, (1, 0, 1, 0, 1, 0, 0, 0, 0): 46, (0, 0, 1, 1, 0, 0, 0, 0, 1): 46, (0, 0, 1, 0, 0, 1, 0, 1, 0): 45, (0, 0, 1, 0, 0, 0, 1, 1, 0): 45, (0, 0, 1, 1, 1, 1, 1, 1, 1): 45, (1, 0, 0, 0, 0, 0, 0, 1, 1): 44, (1, 1, 1, 1, 1, 1, 0, 0, 0): 44, (0, 0, 0, 1, 1, 0, 0, 0, 1): 44, (0, 0, 0, 1, 1, 1, 1, 1, 1): 44, (1, 0, 0, 0, 0, 1, 0, 0, 1): 43, (1, 1, 0, 1, 0, 1, 1, 0, 0): 43, (0, 1, 0, 1, 0, 0, 1, 0, 0): 43, (0, 1, 1, 1, 0, 0, 0, 0, 0): 42, (0, 0, 0, 0, 1, 1, 1, 0, 0): 42, (0, 0, 0, 1, 0, 1, 0, 1, 0): 41, (0, 0, 1, 1, 1, 0, 0, 1, 0): 41, (1, 0, 1, 0, 0, 0, 0, 1, 0): 41, (1, 0, 0, 0, 1, 0, 1, 1, 1): 39, (0, 1, 0, 1, 0, 0, 1, 1, 1): 39, (1, 1, 1, 1, 0, 0, 1, 1, 1): 38, (0, 1, 0, 0, 1, 0, 0, 1, 0): 38, (0, 0, 1, 0, 0, 1, 1, 0, 0): 38, (1, 0, 1, 0, 0, 1, 0, 1, 1): 38, (0, 0, 1, 1, 1, 1, 0, 0, 0): 38, (0, 0, 1, 0, 0, 1, 0, 0, 1): 37, (0, 0, 1, 0, 1, 0, 0, 0, 1): 37, (0, 0, 0, 0, 0, 1, 1, 1, 0): 37, (0, 1, 0, 0, 0, 1, 0, 1, 0): 37, (0, 1, 0, 0, 1, 0, 0, 1, 1): 36, (0, 1, 1, 0, 1, 1, 0, 1, 1): 36, (0, 1, 1, 0, 0, 1, 1, 0, 0): 36, (0, 1, 1, 0, 1, 1, 1, 1, 1): 36, (1, 1, 1, 1, 1, 1, 0, 0, 1): 36, (0, 1, 0, 1, 1, 1, 1, 0, 0): 36, (1, 0, 0, 1, 1, 0, 1, 0, 1): 36, (0, 1, 0, 0, 1, 1, 1, 0, 0): 36, (0, 1, 0, 0, 0, 1, 1, 0, 1): 36, (1, 1, 0, 1, 1, 1, 1, 1, 0): 36, (0, 1, 0, 0, 0, 0, 1, 1, 1): 35, (1, 1, 1, 1, 1, 1, 0, 1, 0): 35, (1, 1, 1, 0, 0, 1, 1, 0, 0): 35, (1, 1, 1, 0, 1, 0, 0, 0, 1): 34, (0, 1, 0, 1, 1, 1, 1, 1, 1): 34, (1, 0, 1, 1, 1, 1, 1, 0, 1): 34, (0, 0, 1, 1, 1, 1, 1, 0, 0): 34, (0, 1, 0, 1, 1, 0, 0, 1, 1): 34, (1, 1, 1, 0, 0, 1, 1, 1, 1): 33, (1, 0, 1, 0, 0, 1, 0, 1, 0): 33, (0, 0, 1, 0, 1, 1, 0, 0, 1): 33, (1, 0, 0, 0, 1, 0, 0, 1, 0): 33, (0, 0, 1, 0, 1, 0, 1, 0, 1): 32, (1, 0, 0, 1, 1, 1, 0, 0, 1): 32, (0, 0, 1, 1, 0, 1, 0, 1, 0): 32, (0, 1, 0, 0, 0, 1, 1, 1, 0): 32, (1, 0, 0, 0, 0, 0, 1, 1, 1): 32, (1, 0, 0, 1, 0, 0, 0, 1, 0): 32, (1, 1, 1, 1, 0, 1, 1, 0, 1): 31, (1, 1, 1, 1, 0, 0, 0, 0, 1): 31, (1, 1, 0, 0, 1, 1, 0, 1, 0): 31, (0, 0, 1, 0, 0, 0, 1, 1, 1): 31, (0, 1, 1, 0, 1, 0, 1, 1, 0): 31, (0, 1, 0, 1, 0, 0, 1, 0, 1): 31, (1, 1, 1, 0, 0, 0, 0, 0, 0): 31, (1, 0, 1, 0, 1, 0, 1, 0, 0): 31, (0, 0, 1, 1, 0, 0, 1, 1, 1): 30, (1, 0, 1, 0, 1, 0, 0, 0, 1): 30, (1, 1, 1, 0, 1, 0, 1, 0, 0): 30, (0, 1, 1, 1, 0, 0, 0, 0, 1): 30, (1, 0, 0, 1, 0, 1, 1, 1, 0): 30, (1, 0, 1, 1, 0, 1, 1, 0, 1): 29, (1, 0, 1, 1, 0, 0, 1, 1, 0): 29, (1, 0, 1, 1, 1, 0, 1, 0, 0): 29, (0, 1, 0, 1, 1, 1, 0, 0, 1): 29, (1, 1, 1, 0, 0, 0, 0, 0, 1): 29, (0, 1, 1, 1, 0, 0, 0, 1, 0): 29, (0, 0, 1, 0, 1, 0, 1, 1, 1): 29, (1, 1, 0, 1, 1, 0, 1, 1, 0): 29, (0, 0, 0, 1, 1, 1, 0, 0, 1): 29, (1, 1, 0, 0, 0, 1, 0, 1, 0): 29, (0, 0, 1, 1, 0, 0, 0, 1, 1): 29, (0, 1, 0, 0, 0, 1, 1, 1, 1): 29, (1, 1, 0, 0, 1, 0, 0, 1, 1): 29, (0, 0, 0, 1, 1, 1, 0, 0, 0): 29, (0, 0, 1, 0, 0, 1, 1, 0, 1): 29, (0, 1, 0, 1, 0, 1, 1, 0, 0): 28, (0, 1, 0, 1, 0, 1, 0, 0, 1): 28, (1, 0, 1, 1, 0, 1, 1, 1, 1): 28, (1, 0, 0, 0, 1, 1, 0, 0, 1): 28, (0, 0, 0, 0, 1, 0, 1, 1, 1): 28, (1, 1, 1, 0, 1, 1, 0, 1, 1): 28, (0, 1, 1, 1, 0, 1, 0, 0, 1): 28, (0, 1, 0, 1, 1, 1, 0, 0, 0): 28, (1, 0, 0, 1, 1, 1, 0, 1, 0): 27, (1, 1, 0, 0, 0, 1, 1, 0, 0): 27, (1, 1, 1, 0, 1, 0, 1, 1, 1): 27, (1, 1, 1, 1, 1, 1, 1, 0, 0): 27, (1, 0, 1, 1, 0, 0, 1, 0, 0): 27, (0, 1, 1, 0, 0, 1, 0, 0, 1): 27, (1, 1, 0, 1, 0, 0, 1, 0, 1): 27, (1, 1, 0, 0, 1, 0, 0, 1, 0): 27, (1, 0, 0, 1, 1, 0, 1, 0, 0): 27, (1, 0, 0, 1, 1, 1, 0, 0, 0): 27, (0, 1, 1, 0, 1, 0, 1, 0, 0): 26, (1, 0, 0, 1, 1, 0, 0, 0, 1): 26, (0, 0, 1, 1, 0, 0, 1, 1, 0): 26, (0, 0, 1, 1, 0, 1, 0, 0, 1): 26, (0, 0, 1, 0, 1, 1, 1, 0, 0): 26, (1, 0, 0, 0, 1, 0, 0, 1, 1): 26, (0, 1, 0, 0, 1, 1, 1, 1, 0): 26, (1, 0, 1, 0, 1, 1, 0, 0, 1): 26, (0, 1, 0, 0, 1, 0, 1, 1, 0): 25, (1, 0, 0, 1, 1, 1, 1, 1, 1): 25, (1, 0, 0, 1, 0, 0, 1, 0, 1): 25, (0, 1, 1, 0, 1, 0, 0, 1, 0): 25, (0, 1, 1, 0, 0, 1, 1, 0, 1): 25, (1, 1, 1, 0, 0, 0, 1, 0, 0): 25, (1, 1, 1, 0, 0, 1, 0, 1, 0): 25, (1, 0, 1, 0, 0, 1, 0, 0, 1): 25, (0, 1, 0, 1, 1, 0, 0, 0, 1): 25, (0, 0, 1, 1, 1, 0, 1, 0, 0): 25, (1, 1, 0, 1, 0, 0, 0, 0, 1): 25, (0, 1, 1, 1, 1, 1, 0, 1, 1): 24, (1, 1, 1, 1, 0, 0, 0, 1, 0): 24, (1, 0, 0, 1, 0, 0, 1, 0, 0): 24, (1, 0, 0, 0, 1, 0, 1, 0, 1): 24, (1, 0, 0, 0, 0, 1, 1, 1, 1): 24, (0, 1, 1, 1, 1, 0, 0, 1, 0): 24, (1, 1, 1, 1, 0, 0, 0, 0, 0): 24, (1, 1, 1, 0, 0, 0, 0, 1, 0): 24, (0, 0, 1, 1, 1, 1, 0, 1, 0): 24, (0, 0, 1, 0, 1, 1, 1, 0, 1): 23, (1, 0, 0, 0, 1, 1, 0, 1, 0): 23, (1, 0, 1, 1, 0, 0, 0, 1, 0): 23, (1, 1, 0, 1, 1, 0, 1, 1, 1): 23, (1, 1, 1, 0, 1, 0, 0, 0, 0): 23, (0, 0, 0, 0, 0, 0, 1, 1, 1): 22, (0, 0, 1, 0, 1, 1, 0, 0, 0): 22, (1, 0, 0, 0, 0, 1, 0, 1, 1): 22, (0, 1, 1, 1, 1, 1, 1, 1, 1): 21, (1, 0, 0, 1, 0, 0, 1, 1, 0): 21, (1, 1, 0, 0, 1, 0, 0, 0, 1): 21, (0, 0, 1, 0, 1, 0, 1, 1, 0): 21, (0, 0, 0, 1, 0, 0, 1, 1, 1): 21, (1, 0, 0, 0, 0, 1, 1, 1, 0): 21, (0, 0, 1, 0, 0, 1, 0, 1, 1): 21, (1, 1, 1, 1, 1, 0, 1, 1, 0): 20, (0, 1, 0, 0, 1, 1, 0, 1, 0): 20, (1, 1, 0, 1, 0, 0, 1, 0, 0): 20, (1, 1, 1, 1, 1, 1, 1, 1, 0): 20, (1, 1, 0, 1, 1, 1, 1, 1, 1): 20, (1, 0, 0, 1, 0, 1, 1, 0, 0): 20, (1, 1, 1, 0, 1, 0, 1, 1, 0): 20, (0, 0, 1, 1, 0, 1, 0, 1, 1): 20, (0, 0, 0, 1, 1, 1, 0, 1, 0): 19, (1, 1, 0, 1, 0, 0, 0, 0, 0): 19, (1, 1, 1, 1, 0, 1, 1, 1, 1): 19, (0, 0, 0, 0, 0, 1, 1, 0, 1): 19, (0, 1, 0, 1, 0, 0, 0, 1, 1): 19, (0, 1, 1, 0, 0, 0, 0, 0, 1): 18, (0, 0, 0, 0, 1, 0, 1, 1, 0): 18, (1, 1, 1, 0, 0, 1, 0, 0, 0): 18, (1, 1, 0, 1, 0, 0, 1, 1, 1): 18, (0, 0, 0, 0, 0, 1, 1, 1, 1): 18, (0, 0, 0, 1, 1, 1, 1, 0, 0): 18, (0, 1, 1, 0, 1, 0, 1, 1, 1): 18, (0, 0, 0, 0, 1, 1, 0, 1, 0): 17, (0, 1, 0, 1, 1, 0, 0, 1, 0): 17, (0, 1, 1, 0, 0, 0, 0, 1, 0): 16, (1, 1, 1, 1, 0, 0, 1, 0, 1): 16, (1, 1, 0, 0, 0, 0, 1, 0, 0): 16, (0, 0, 0, 1, 0, 1, 1, 0, 0): 15, (1, 1, 1, 1, 1, 1, 0, 1, 1): 15, (1, 0, 1, 1, 1, 1, 0, 0, 1): 15, (0, 0, 0, 0, 0, 1, 0, 1, 1): 15, (1, 1, 1, 0, 1, 1, 1, 1, 1): 15, (1, 0, 1, 1, 1, 1, 1, 1, 1): 15, (1, 1, 1, 1, 1, 1, 1, 0, 1): 15, (0, 0, 0, 1, 0, 0, 1, 0, 1): 15, (1, 0, 0, 1, 0, 1, 0, 0, 0): 15, (0, 1, 1, 0, 0, 1, 0, 0, 0): 14, (1, 1, 1, 1, 0, 1, 1, 0, 0): 14, (0, 1, 0, 0, 1, 1, 0, 0, 0): 14, (1, 1, 0, 1, 1, 1, 0, 1, 0): 14, (1, 0, 1, 1, 0, 0, 0, 0, 0): 14, (1, 1, 1, 1, 1, 0, 0, 1, 0): 14, (1, 1, 1, 1, 1, 0, 1, 0, 0): 14, (1, 0, 1, 0, 0, 0, 1, 0, 0): 14, (1, 0, 0, 1, 0, 1, 0, 1, 0): 13, (1, 1, 1, 1, 1, 0, 1, 1, 1): 13, (0, 1, 0, 1, 1, 1, 1, 1, 0): 13, (0, 1, 1, 1, 1, 1, 0, 0, 1): 13, (0, 1, 0, 1, 1, 1, 0, 1, 1): 13, (0, 0, 1, 0, 0, 0, 0, 1, 1): 13, (1, 0, 1, 0, 0, 1, 1, 1, 1): 13, (1, 1, 0, 0, 1, 0, 1, 1, 1): 12, (1, 0, 0, 0, 0, 0, 1, 0, 1): 12, (0, 0, 1, 1, 1, 1, 1, 0, 1): 12, (0, 0, 1, 0, 0, 0, 1, 0, 0): 12, (1, 0, 1, 0, 0, 0, 0, 0, 1): 12, (1, 0, 0, 1, 1, 0, 0, 0, 0): 12, (0, 0, 0, 1, 0, 0, 1, 1, 0): 12, (1, 1, 1, 1, 0, 0, 1, 1, 0): 11, (1, 1, 0, 1, 1, 1, 1, 0, 0): 11, (0, 1, 0, 0, 0, 0, 0, 0, 1): 11, (0, 1, 1, 1, 1, 1, 0, 1, 0): 11, (0, 1, 0, 0, 0, 0, 1, 1, 0): 11, (1, 0, 1, 0, 0, 1, 1, 0, 0): 11, (0, 1, 0, 0, 1, 1, 1, 1, 1): 11, (1, 1, 1, 0, 1, 1, 0, 1, 0): 11, (0, 0, 1, 1, 1, 1, 0, 1, 1): 11, (0, 0, 0, 0, 0, 1, 0, 1, 0): 11, (0, 1, 0, 1, 1, 0, 0, 0, 0): 11, (0, 0, 0, 1, 0, 1, 0, 0, 1): 11, (0, 0, 1, 0, 0, 0, 1, 0, 1): 11, (1, 1, 1, 0, 1, 0, 0, 1, 1): 10, (1, 1, 1, 0, 1, 1, 0, 0, 1): 10, (0, 0, 0, 1, 1, 0, 1, 0, 0): 10, (0, 0, 0, 0, 1, 0, 0, 1, 1): 10, (0, 0, 1, 1, 0, 1, 0, 0, 0): 10, (1, 1, 0, 0, 1, 0, 0, 0, 0): 10, (1, 1, 0, 0, 0, 0, 0, 1, 0): 10, (1, 0, 0, 0, 0, 0, 1, 1, 0): 10, (0, 0, 0, 1, 1, 0, 0, 1, 0): 10, (0, 1, 1, 0, 0, 1, 1, 1, 1): 10, (1, 1, 1, 1, 0, 1, 0, 0, 1): 10, (0, 0, 1, 1, 0, 1, 1, 1, 1): 10, (0, 0, 1, 0, 0, 1, 0, 0, 0): 9, (1, 0, 0, 1, 1, 1, 1, 0, 1): 9, (1, 0, 1, 1, 1, 1, 1, 0, 0): 9, (1, 0, 0, 0, 0, 0, 0, 0, 1): 9, (0, 0, 0, 1, 1, 1, 0, 1, 1): 9, (0, 0, 0, 0, 1, 0, 1, 0, 0): 9, (1, 0, 0, 1, 1, 0, 1, 1, 1): 9, (1, 0, 0, 1, 0, 1, 1, 1, 1): 9, (0, 0, 0, 1, 1, 0, 1, 0, 1): 9, (1, 0, 1, 0, 0, 0, 1, 1, 0): 9, (1, 1, 1, 0, 0, 1, 1, 0, 1): 8, (1, 1, 1, 1, 0, 1, 0, 0, 0): 8, (0, 0, 1, 0, 1, 1, 0, 1, 1): 8, (0, 1, 1, 0, 1, 1, 0, 0, 1): 8, (0, 1, 1, 0, 1, 0, 0, 0, 0): 8, (0, 0, 1, 0, 1, 1, 1, 1, 1): 8, (1, 1, 1, 0, 0, 1, 0, 1, 1): 8, (0, 1, 0, 1, 1, 0, 1, 1, 1): 8, (0, 0, 0, 0, 1, 1, 0, 0, 1): 8, (1, 0, 0, 1, 1, 1, 1, 1, 0): 8, (0, 1, 0, 1, 1, 0, 1, 1, 0): 8, (1, 1, 0, 1, 1, 0, 0, 1, 0): 8, (0, 1, 0, 0, 1, 1, 0, 0, 1): 8, (0, 1, 0, 0, 0, 0, 0, 1, 1): 8, (0, 0, 1, 0, 0, 0, 0, 0, 0): 7, (1, 0, 1, 1, 0, 0, 1, 1, 1): 7, (1, 0, 1, 1, 0, 0, 0, 0, 1): 7, (1, 1, 0, 0, 0, 0, 0, 1, 1): 7, (0, 0, 1, 1, 0, 1, 1, 0, 1): 7, (0, 1, 0, 0, 1, 1, 0, 1, 1): 7, (0, 0, 0, 0, 1, 1, 1, 1, 0): 7, (1, 0, 1, 1, 1, 1, 0, 0, 0): 7, (0, 0, 1, 0, 1, 0, 0, 1, 1): 7, (1, 0, 1, 0, 0, 1, 1, 0, 1): 7, (0, 1, 1, 0, 0, 0, 1, 1, 0): 7, (0, 1, 1, 0, 0, 1, 0, 1, 1): 7, (1, 0, 0, 1, 0, 1, 1, 0, 1): 7, (1, 0, 0, 0, 0, 0, 0, 1, 0): 6, (0, 0, 0, 1, 0, 0, 1, 0, 0): 6, (1, 0, 1, 1, 0, 0, 1, 0, 1): 6, (1, 0, 0, 0, 0, 1, 1, 0, 1): 6, (0, 0, 0, 0, 1, 1, 1, 0, 1): 6, (0, 0, 0, 0, 1, 0, 0, 1, 0): 6, (0, 1, 1, 0, 1, 0, 0, 1, 1): 6, (0, 1, 1, 0, 1, 1, 0, 1, 0): 6, (0, 0, 0, 1, 0, 1, 1, 1, 0): 6, (1, 0, 1, 0, 1, 1, 0, 0, 0): 6, (0, 1, 0, 1, 0, 0, 1, 1, 0): 6, (1, 1, 1, 0, 0, 0, 1, 0, 1): 6, (1, 0, 1, 0, 0, 1, 0, 0, 0): 6, (0, 1, 0, 0, 0, 0, 1, 0, 0): 6, (0, 0, 1, 0, 0, 0, 0, 0, 1): 6, (1, 0, 0, 0, 0, 0, 0, 0, 0): 6, (0, 1, 1, 1, 0, 1, 0, 0, 0): 6, (1, 1, 0, 1, 0, 0, 1, 1, 0): 6, (0, 0, 1, 1, 0, 0, 0, 0, 0): 6, (1, 1, 1, 1, 1, 0, 0, 0, 0): 5, (1, 0, 1, 1, 0, 1, 0, 0, 1): 5, (1, 1, 0, 1, 1, 0, 1, 0, 0): 5, (0, 0, 0, 1, 0, 0, 0, 1, 0): 5, (0, 1, 0, 0, 0, 1, 0, 1, 1): 5, (0, 1, 0, 1, 0, 0, 0, 0, 0): 5, (0, 1, 1, 1, 1, 1, 0, 0, 0): 5, (1, 1, 0, 0, 0, 0, 1, 1, 1): 5, (0, 0, 0, 0, 1, 1, 0, 0, 0): 5, (1, 1, 0, 0, 0, 0, 0, 0, 0): 5, (0, 1, 1, 0, 1, 1, 1, 0, 0): 5, (0, 0, 1, 1, 1, 0, 1, 1, 0): 5, (1, 0, 1, 1, 1, 1, 0, 1, 0): 5, (1, 0, 1, 1, 1, 0, 0, 0, 0): 5, (0, 0, 1, 0, 1, 0, 0, 0, 0): 5, (1, 0, 1, 1, 0, 1, 0, 1, 0): 5, (0, 0, 0, 1, 0, 0, 0, 0, 1): 5, (0, 1, 0, 0, 0, 1, 0, 0, 0): 5, (1, 1, 1, 0, 0, 0, 0, 1, 1): 5, (1, 0, 1, 0, 0, 0, 0, 0, 0): 5, (1, 0, 0, 0, 1, 1, 0, 1, 1): 4, (1, 1, 0, 0, 1, 0, 1, 0, 0): 4, (1, 1, 0, 0, 1, 0, 1, 1, 0): 4, (1, 0, 1, 0, 1, 0, 1, 0, 1): 4, (0, 1, 1, 1, 1, 0, 1, 0, 0): 4, (0, 0, 0, 1, 1, 1, 1, 0, 1): 4, (1, 0, 0, 0, 1, 0, 1, 1, 0): 4, (0, 0, 0, 0, 1, 1, 1, 1, 1): 4, (1, 0, 0, 1, 1, 0, 0, 1, 0): 4, (1, 1, 0, 0, 0, 0, 1, 0, 1): 4, (0, 0, 1, 0, 1, 1, 0, 1, 0): 4, (1, 1, 1, 1, 1, 0, 0, 0, 1): 4, (1, 0, 1, 0, 0, 0, 1, 1, 1): 4, (0, 0, 0, 1, 1, 1, 1, 1, 0): 4, (0, 0, 0, 1, 0, 1, 1, 1, 1): 4, (0, 0, 1, 0, 0, 0, 0, 1, 0): 4, (0, 1, 1, 0, 0, 0, 1, 1, 1): 4, (1, 0, 0, 0, 0, 0, 1, 0, 0): 4, (0, 1, 1, 1, 1, 1, 1, 0, 0): 4, (0, 0, 0, 0, 1, 0, 0, 0, 1): 4, (1, 1, 1, 0, 1, 1, 0, 0, 0): 4, (0, 0, 1, 1, 0, 0, 1, 0, 1): 4, (0, 0, 0, 1, 0, 0, 0, 0, 0): 4, (1, 0, 1, 1, 0, 1, 1, 0, 0): 4, (0, 1, 1, 0, 0, 0, 0, 1, 1): 4, (0, 0, 0, 0, 0, 1, 0, 0, 0): 4, (1, 0, 1, 1, 1, 0, 0, 0, 1): 4, (1, 0, 0, 1, 1, 0, 1, 1, 0): 4, (0, 1, 0, 0, 0, 0, 0, 0, 0): 4, (0, 1, 1, 0, 1, 0, 0, 0, 1): 3, (0, 1, 1, 0, 0, 0, 1, 0, 1): 3, (1, 0, 1, 0, 1, 1, 1, 0, 1): 3, (0, 1, 1, 1, 0, 0, 1, 1, 0): 3, (0, 0, 0, 0, 0, 0, 1, 0, 1): 3, (0, 0, 0, 1, 0, 1, 0, 0, 0): 3, (1, 1, 0, 1, 0, 0, 0, 1, 1): 3, (0, 1, 1, 1, 0, 0, 0, 1, 1): 3, (1, 0, 1, 1, 0, 0, 0, 1, 1): 3, (0, 0, 0, 1, 1, 0, 1, 1, 0): 3, (0, 1, 0, 1, 0, 1, 1, 0, 1): 3, (1, 0, 0, 0, 1, 0, 0, 0, 0): 3, (0, 1, 1, 1, 1, 0, 0, 0, 0): 3, (1, 1, 1, 0, 1, 1, 1, 0, 0): 3, (0, 0, 0, 0, 0, 0, 0, 1, 0): 3, (0, 0, 0, 1, 0, 1, 0, 1, 1): 3, (0, 0, 0, 1, 1, 0, 0, 1, 1): 3, (0, 1, 1, 1, 0, 0, 1, 0, 1): 3, (0, 0, 0, 1, 1, 0, 0, 0, 0): 3, (0, 1, 1, 0, 0, 0, 0, 0, 0): 3, (1, 1, 0, 1, 0, 0, 0, 1, 0): 3, (0, 1, 0, 1, 1, 0, 1, 0, 1): 3, (0, 0, 0, 0, 1, 0, 0, 0, 0): 3, (1, 1, 1, 0, 0, 1, 1, 1, 0): 3, (0, 1, 0, 0, 0, 0, 0, 1, 0): 3, (1, 1, 0, 1, 0, 1, 0, 0, 0): 3, (1, 0, 0, 1, 0, 0, 0, 0, 0): 3, (0, 0, 0, 0, 0, 1, 1, 0, 0): 2, (1, 0, 1, 0, 1, 1, 0, 1, 1): 2, (1, 0, 0, 1, 1, 0, 0, 1, 1): 2, (1, 1, 0, 1, 1, 1, 0, 0, 1): 2, (1, 1, 0, 1, 1, 0, 1, 0, 1): 2, (1, 0, 0, 0, 1, 1, 1, 1, 0): 2, (1, 0, 1, 1, 1, 0, 1, 0, 1): 2, (1, 1, 0, 0, 0, 1, 1, 0, 1): 2, (1, 1, 0, 0, 0, 1, 1, 1, 1): 2, (0, 1, 1, 1, 0, 1, 0, 1, 1): 2, (1, 1, 0, 1, 1, 0, 0, 0, 1): 2, (0, 0, 0, 0, 0, 1, 0, 0, 1): 2, (0, 1, 1, 1, 0, 0, 1, 1, 1): 2, (1, 1, 0, 0, 0, 1, 0, 1, 1): 2, (1, 1, 0, 0, 0, 1, 1, 1, 0): 2, (1, 0, 0, 1, 0, 1, 0, 0, 1): 2, (0, 1, 1, 1, 0, 1, 1, 0, 1): 2, (1, 1, 1, 1, 0, 1, 1, 1, 0): 2, (1, 0, 1, 0, 0, 1, 1, 1, 0): 2, (0, 0, 0, 0, 0, 0, 1, 0, 0): 2, (1, 1, 0, 0, 1, 1, 1, 1, 0): 2, (0, 0, 1, 1, 1, 0, 0, 1, 1): 2, (1, 1, 1, 1, 0, 0, 0, 1, 1): 2, (1, 1, 1, 0, 0, 0, 1, 1, 0): 2, (0, 0, 0, 1, 0, 1, 1, 0, 1): 2, (0, 0, 1, 1, 0, 1, 1, 0, 0): 2, (0, 1, 1, 1, 1, 0, 0, 1, 1): 2, (1, 1, 0, 1, 1, 1, 0, 0, 0): 2, (0, 0, 0, 0, 0, 0, 0, 0, 0): 2, (0, 1, 1, 0, 0, 1, 0, 1, 0): 2, (0, 0, 0, 0, 0, 0, 0, 0, 1): 2, (0, 1, 0, 0, 1, 1, 1, 0, 1): 2, (1, 0, 1, 1, 1, 0, 0, 1, 0): 2, (1, 0, 1, 0, 0, 0, 0, 1, 1): 2, (1, 1, 1, 0, 1, 0, 1, 0, 1): 2, (0, 0, 1, 1, 0, 1, 1, 1, 0): 2, (0, 1, 0, 1, 1, 1, 1, 0, 1): 2, (0, 0, 0, 0, 1, 1, 0, 1, 1): 1, (1, 0, 0, 1, 1, 1, 0, 1, 1): 1, (0, 1, 1, 1, 0, 1, 1, 1, 1): 1, (0, 1, 1, 0, 1, 0, 1, 0, 1): 1, (1, 1, 0, 0, 1, 0, 1, 0, 1): 1, (1, 0, 1, 1, 0, 1, 0, 0, 0): 1, (1, 0, 0, 0, 1, 1, 1, 1, 1): 1, (1, 1, 0, 1, 0, 1, 1, 1, 1): 1, (0, 1, 1, 1, 1, 0, 1, 0, 1): 1, (0, 1, 1, 1, 1, 1, 1, 0, 1): 1, (1, 1, 0, 1, 0, 1, 0, 1, 1): 1, (1, 1, 1, 0, 1, 1, 1, 1, 0): 1, (1, 0, 0, 0, 0, 1, 0, 0, 0): 1, (1, 0, 1, 0, 1, 1, 0, 1, 0): 1, (1, 0, 1, 1, 1, 0, 1, 1, 0): 1, (0, 1, 1, 1, 1, 0, 1, 1, 0): 1, (0, 1, 1, 0, 1, 1, 0, 0, 0): 1, (1, 0, 1, 1, 1, 1, 0, 1, 1): 1, (1, 0, 1, 0, 1, 0, 1, 1, 0): 1, (0, 0, 0, 1, 1, 0, 1, 1, 1): 1, (1, 1, 1, 1, 1, 0, 0, 1, 1): 1, (1, 1, 0, 1, 0, 1, 0, 0, 1): 1, (1, 1, 0, 1, 0, 1, 1, 0, 1): 1, (1, 1, 0, 1, 1, 0, 0, 1, 1): 1, (0, 0, 1, 1, 1, 0, 1, 0, 1): 1, (1, 1, 0, 1, 1, 1, 1, 0, 1): 1, (0, 1, 0, 1, 0, 1, 1, 1, 1): 1, (1, 0, 0, 1, 0, 1, 0, 1, 1): 1, (1, 0, 1, 0, 1, 0, 1, 1, 1): 1, (1, 1, 0, 0, 1, 1, 1, 0, 0): 1, (0, 1, 1, 1, 0, 1, 1, 1, 0): 1, (0, 0, 1, 1, 1, 1, 1, 1, 0): 1, (0, 0, 0, 0, 0, 0, 1, 1, 0): 1, (1, 1, 0, 1, 0, 1, 1, 1, 0): 1, (0, 1, 1, 1, 1, 0, 0, 0, 1): 1, (1, 0, 1, 0, 0, 0, 1, 0, 1): 1, (0, 1, 0, 1, 1, 0, 1, 0, 0): 1, (1, 1, 0, 1, 1, 1, 0, 1, 1): 1, (1, 0, 1, 1, 0, 1, 0, 1, 1): 1, (1, 1, 0, 0, 1, 1, 0, 0, 0): 1, (0, 0, 0, 0, 0, 0, 0, 1, 1): 1, (0, 0, 1, 0, 1, 1, 1, 1, 0): 1, (0, 1, 1, 0, 1, 1, 1, 1, 0): 1, (1, 1, 0, 1, 0, 1, 0, 1, 0): 1})
